latex live local todo: nop :/

piard 29 (si maths fini assez tot) / 3 04

chemistry:

1

0 658
1.4 651
2 634
3 612
4 592
5 537
5.1 526
5.2 515
5.3 510
5.5 495
6 464
6.25 448
6.5 433
6.75 414
6.75 414
7 404
7.5 372
8 350
8.25 330
8.5 317
8.75 298
9 286
9.25 269
9.5 252
9.75 245
10 524
10.25 262
10.5 268
10.75 285
11 288
11 288
12 340
13 388
14 430

2

0 52.3
1 49.0
2 60.7
3 77.0
4 92.6
5 108.2
6 123.6
7 139.0
8 152
9 172
10 212
11 258
12 296

3

0 113.7
1 120.8
2 137.9
3 153.1
4 167.7
5 181.8
6 184.0
7 180.9
7.25 179.9
7.5 178.5
7.75 177.7
8 176.9
8.25 13
8.5 13.7
8.75 13.43
9 137.4
9.25 137
9.5 138.7
9.75 141.8
10 157
11 178.5
12 196.0
13 190
14 200
15 214
16 222