?	Brute_E
nm	s.u
 365,172	 214,009
 365,344	 141,436
 365,517	 105,727
 365,689	 204,980
 365,862	 121,476
 366,034	 331,556
 366,207	 134,373
 366,379	 142,794
 366,552	 179,688
 366,724	 164,501
 366,897	 107,452
 367,069	 218,350
 367,242	 117,582
 367,415	 93,416
 367,587	 101,383
 367,760	 158,360
 367,932	 178,311
 368,105	 192,072
 368,277	 187,647
 368,450	 164,076
 368,622	 147,474
 368,795	 190,300
 368,967	 240,397
 369,140	 172,969
 369,312	 207,177
 369,485	 151,818
 369,658	 155,314
 369,830	 190,148
 370,003	 211,202
 370,175	 208,280
 370,348	 119,213
 370,520	 145,310
 370,693	 208,148
 370,865	 244,047
 371,038	 185,066
 371,210	 285,422
 371,383	 181,644
 371,555	 130,315
 371,728	 237,903
 371,901	 155,888
 372,073	 192,583
 372,246	 200,222
 372,418	 124,581
 372,591	 148,961
 372,763	 279,388
 372,936	 153,051
 373,108	 148,294
 373,281	 178,118
 373,453	 109,148
 373,626	 175,265
 373,798	 216,927
 373,971	 230,151
 374,143	 166,857
 374,316	 189,408
 374,489	 172,002
 374,661	 154,698
 374,834	 178,061
 375,006	 164,548
 375,179	 136,578
 375,351	 304,327
 375,524	 144,280
 375,696	 169,287
 375,869	 154,589
 376,041	 218,064
 376,214	 113,023
 376,386	 154,555
 376,559	 133,097
 376,731	 201,860
 376,904	 132,025
 377,076	 177,813
 377,249	 144,400
 377,421	 185,189
 377,594	 237,340
 377,767	 144,801
 377,939	 255,522
 378,112	 157,032
 378,284	 133,692
 378,457	 93,632
 378,629	 277,902
 378,802	 191,028
 378,974	 120,664
 379,147	 159,138
 379,319	 110,322
 379,492	 149,411
 379,664	 179,606
 379,837	 219,474
 380,009	 130,552
 380,182	 129,212
 380,354	 154,948
 380,527	 200,669
 380,699	 241,495
 380,872	 111,660
 381,044	 138,838
 381,217	 186,484
 381,390	 225,088
 381,562	 168,545
 381,735	 177,960
 381,907	 135,657
 382,080	 166,453
 382,252	 122,558
 382,425	 106,496
 382,597	 135,220
 382,770	 130,981
 382,942	 214,791
 383,115	 180,145
 383,287	 199,953
 383,460	 196,956
 383,632	 152,489
 383,805	 96,863
 383,977	 139,500
 384,150	 136,062
 384,322	 109,548
 384,495	 140,524
 384,667	 155,071
 384,840	 169,080
 385,012	 202,397
 385,185	 140,362
 385,357	 156,408
 385,530	 163,481
 385,702	 209,289
 385,875	 134,861
 386,047	 188,301
 386,220	 122,211
 386,393	 125,840
 386,565	 224,840
 386,738	 97,249
 386,910	 145,098
 387,083	 163,586
 387,255	 153,268
 387,428	 118,918
 387,600	 99,543
 387,773	 196,361
 387,945	 205,333
 388,118	 117,637
 388,290	 130,382
 388,463	 165,356
 388,635	 110,443
 388,808	 130,996
 388,980	 151,781
 389,153	 172,640
 389,325	 143,018
 389,498	 135,636
 389,670	 173,404
 389,843	 109,718
 390,015	 100,275
 390,188	 97,252
 390,360	 140,835
 390,533	 159,774
 390,705	 126,433
 390,878	 181,220
 391,050	 130,646
 391,223	 120,204
 391,395	 147,923
 391,568	 101,221
 391,740	 130,667
 391,913	 196,145
 392,085	 137,992
 392,258	 136,394
 392,430	 93,715
 392,603	 126,290
 392,775	 175,888
 392,948	 121,928
 393,120	 132,119
 393,293	 128,260
 393,465	 132,105
 393,638	 56,440
 393,810	 113,488
 393,983	 155,228
 394,155	 129,317
 394,328	 110,854
 394,500	 165,990
 394,673	 161,686
 394,845	 123,932
 395,018	 97,230
 395,190	 92,321
 395,363	 120,022
 395,535	 142,546
 395,708	 153,291
 395,880	 120,260
 396,053	 98,611
 396,225	 112,526
 396,398	 100,155
 396,570	 96,540
 396,743	 120,997
 396,915	 112,634
 397,088	 115,022
 397,260	 181,060
 397,433	 102,478
 397,605	 149,002
 397,778	 127,808
 397,950	 145,862
 398,123	 98,646
 398,295	 112,344
 398,468	 127,643
 398,640	 97,587
 398,813	 108,338
 398,985	 137,148
 399,158	 121,370
 399,330	 131,316
 399,503	 106,281
 399,675	 136,681
 399,848	 151,224
 400,020	 109,996
 400,193	 141,587
 400,365	 106,189
 400,538	 92,790
 400,710	 105,196
 400,883	 148,185
 401,055	 159,776
 401,228	 90,496
 401,400	 151,116
 401,573	 121,984
 401,745	 121,490
 401,918	 89,745
 402,090	 126,377
 402,263	 102,737
 402,435	 93,682
 402,608	 136,139
 402,780	 144,690
 402,953	 116,312
 403,125	 97,825
 403,298	 141,377
 403,470	 109,444
 403,643	 14,989
 403,815	 140,251
 403,988	 94,478
 404,160	 148,474
 404,332	 142,019
 404,505	 144,019
 404,677	 120,735
 404,850	 99,382
 405,022	 91,366
 405,195	 109,840
 405,367	 155,792
 405,540	 105,024
 405,712	 62,161
 405,885	 132,958
 406,057	 149,764
 406,230	 164,211
 406,402	 113,703
 406,575	 118,149
 406,747	 109,908
 406,920	 124,086
 407,092	 72,561
 407,265	 114,648
 407,437	 110,369
 407,610	 134,736
 407,782	 128,675
 407,955	 108,188
 408,127	 103,739
 408,300	 99,859
 408,472	 116,772
 408,645	 108,881
 408,817	 88,090
 408,990	 96,593
 409,162	 86,769
 409,334	 115,142
 409,507	 79,968
 409,679	 89,818
 409,852	 81,505
 410,024	 91,854
 410,197	 112,123
 410,369	 124,002
 410,542	 136,585
 410,714	 118,423
 410,887	 101,295
 411,059	 113,771
 411,232	 103,830
 411,404	 140,902
 411,577	 91,743
 411,749	 140,732
 411,922	 120,124
 412,094	 89,842
 412,267	 81,758
 412,439	 110,386
 412,612	 103,650
 412,784	 119,884
 412,957	 95,163
 413,129	 132,634
 413,301	 91,143
 413,474	 128,316
 413,646	 93,700
 413,819	 91,869
 413,991	 147,890
 414,164	 108,238
 414,336	 79,754
 414,509	 99,695
 414,681	 275,944
 414,854	 141,650
 415,026	 151,217
 415,199	 89,967
 415,371	 100,033
 415,544	 122,431
 415,716	 82,290
 415,889	 82,750
 416,061	 92,574
 416,233	 77,921
 416,406	 120,956
 416,578	 116,486
 416,751	 126,954
 416,923	 90,919
 417,096	 76,596
 417,268	 94,110
 417,441	 111,134
 417,613	 69,157
 417,786	 95,680
 417,958	 134,438
 418,131	 119,086
 418,303	 83,850
 418,476	 112,920
 418,648	 121,996
 418,820	 90,368
 418,993	 96,650
 419,165	 92,739
 419,338	 112,433
 419,510	 71,517
 419,683	 126,023
 419,855	 138,070
 420,028	 123,789
 420,200	 76,243
 420,373	 102,210
 420,545	 114,260
 420,718	 112,057
 420,890	 111,878
 421,063	 108,986
 421,235	 76,998
 421,407	 135,459
 421,580	 110,851
 421,752	 94,556
 421,925	 70,011
 422,097	 102,334
 422,270	 92,882
 422,442	 80,496
 422,615	 142,754
 422,787	 113,721
 422,960	 71,308
 423,132	 108,706
 423,305	 94,881
 423,477	 98,591
 423,649	 75,542
 423,822	 89,209
 423,994	 104,013
 424,167	 91,303
 424,339	 126,959
 424,512	 78,454
 424,684	 88,214
 424,857	 95,665
 425,029	 111,796
 425,202	 135,048
 425,374	 113,721
 425,546	 103,460
 425,719	 63,556
 425,891	 109,537
 426,064	 108,475
 426,236	 65,933
 426,409	 60,986
 426,581	 75,740
 426,754	 140,500
 426,926	 103,233
 427,099	 105,788
 427,271	 99,336
 427,443	 92,361
 427,616	 113,352
 427,788	 94,619
 427,961	 78,585
 428,133	 107,286
 428,306	 82,635
 428,478	 79,102
 428,651	 92,421
 428,823	 87,182
 428,996	 99,619
 429,168	 76,500
 429,340	 75,476
 429,513	 84,515
 429,685	 109,517
 429,858	 102,992
 430,030	 89,818
 430,203	 71,351
 430,375	 87,961
 430,548	 70,618
 430,720	 112,338
 430,892	 93,424
 431,065	 107,418
 431,237	 109,869
 431,410	 126,338
 431,582	 102,356
 431,755	 125,392
 431,927	 93,735
 432,100	 82,989
 432,272	 64,857
 432,444	 74,917
 432,617	 85,080
 432,789	 77,357
 432,962	 80,103
 433,134	 86,387
 433,307	 84,682
 433,479	 111,993
 433,652	 111,967
 433,824	 70,750
 433,996	 134,307
 434,169	 98,853
 434,341	 81,260
 434,514	 86,248
 434,686	 87,853
 434,859	 104,340
 435,031	 91,717
 435,204	 92,057
 435,376	 104,614
 435,548	 93,261
 435,721	 54,054
 435,893	 78,935
 436,066	 118,966
 436,238	 91,698
 436,411	 98,592
 436,583	 117,347
 436,756	 105,619
 436,928	 110,401
 437,100	 107,393
 437,273	 99,441
 437,445	 117,209
 437,618	 105,734
 437,790	 94,022
 437,963	 114,112
 438,135	 102,815
 438,308	 121,730
 438,480	 65,029
 438,652	 93,133
 438,825	 90,169
 438,997	 89,234
 439,170	 91,733
 439,342	 70,284
 439,515	 76,426
 439,687	 93,503
 439,859	 90,505
 440,032	 83,896
 440,204	 89,105
 440,377	 94,315
 440,549	 80,691
 440,722	 63,031
 440,894	 84,925
 441,066	 90,181
 441,239	 85,795
 441,411	 109,129
 441,584	 84,070
 441,756	 117,313
 441,929	 93,227
 442,101	 91,083
 442,273	 79,787
 442,446	 100,131
 442,618	 103,784
 442,791	 95,196
 442,963	 81,949
 443,136	 74,078
 443,308	 121,096
 443,481	 71,265
 443,653	 99,862
 443,825	 74,056
 443,998	 69,815
 444,170	 61,163
 444,343	 90,268
 444,515	 92,820
 444,688	 81,167
 444,860	 84,001
 445,032	 80,586
 445,205	 75,796
 445,377	 103,475
 445,550	 86,136
 445,722	 122,845
 445,895	 87,434
 446,067	 85,261
 446,239	 68,719
 446,412	 77,473
 446,584	 81,441
 446,757	 63,204
 446,929	 73,479
 447,101	 59,055
 447,274	 100,506
 447,446	 90,903
 447,619	 90,593
 447,791	 80,467
 447,964	 76,930
 448,136	 81,978
 448,308	 74,073
 448,481	 74,353
 448,653	 68,637
 448,826	 107,893
 448,998	 81,839
 449,171	 83,042
 449,343	 64,450
 449,515	 83,889
 449,688	 76,148
 449,860	 82,997
 450,033	 85,231
 450,205	 81,545
 450,377	 107,014
 450,550	 62,827
 450,722	 85,850
 450,895	 62,752
 451,067	 75,310
 451,240	 92,494
 451,412	 93,015
 451,584	 66,367
 451,757	 77,519
 451,929	 107,030
 452,102	 104,898
 452,274	 58,043
 452,447	 52,346
 452,619	 65,871
 452,791	 86,674
 452,964	 71,758
 453,136	 75,832
 453,309	 88,459
 453,481	 98,509
 453,653	 91,472
 453,826	 87,993
 453,998	 91,483
 454,171	 67,827
 454,343	 69,461
 454,515	 86,141
 454,688	 71,278
 454,860	 61,346
 455,033	 63,676
 455,205	 86,898
 455,378	 92,045
 455,550	 104,983
 455,722	 82,897
 455,895	 103,861
 456,067	 79,822
 456,240	 85,212
 456,412	 68,824
 456,584	 68,070
 456,757	 73,188
 456,929	 83,892
 457,102	 106,784
 457,274	 80,648
 457,446	 85,998
 457,619	 23,944
 457,791	 54,225
 457,964	 74,213
 458,136	 88,373
 458,309	 62,968
 458,481	 72,676
 458,653	 92,391
 458,826	 63,191
 458,998	 55,334
 459,171	 77,824
 459,343	 79,591
 459,515	 77,259
 459,688	 87,581
 459,860	 93,844
 460,033	 57,959
 460,205	 76,587
 460,377	 78,121
 460,550	 70,131
 460,722	 90,474
 460,895	 72,030
 461,067	 64,683
 461,239	 79,703
 461,412	 85,026
 461,584	 81,154
 461,757	 66,917
 461,929	 84,022
 462,101	 81,346
 462,274	 77,308
 462,446	 72,084
 462,619	 70,055
 462,791	 81,490
 462,963	 83,224
 463,136	 89,290
 463,308	 85,883
 463,481	 90,692
 463,653	 77,831
 463,825	 77,092
 463,998	 86,887
 464,170	 86,878
 464,343	 83,328
 464,515	 75,417
 464,687	 95,115
 464,860	 84,054
 465,032	 85,866
 465,205	 71,289
 465,377	 75,503
 465,549	 70,472
 465,722	 79,844
 465,894	 98,942
 466,067	 92,246
 466,239	 73,324
 466,411	 66,691
 466,584	 78,088
 466,756	 83,915
 466,929	 75,008
 467,101	 88,781
 467,273	 70,780
 467,446	 76,144
 467,618	 71,046
 467,791	 77,954
 467,963	 84,953
 468,135	 86,669
 468,308	 82,631
 468,480	 96,179
 468,653	 85,295
 468,825	 75,058
 468,997	 79,393
 469,170	 69,258
 469,342	 73,005
 469,515	 79,296
 469,687	 93,055
 469,859	 61,885
 470,032	 85,299
 470,204	 74,396
 470,376	 63,583
 470,549	 82,183
 470,721	 87,917
 470,894	 102,435
 471,066	 70,924
 471,238	 82,714
 471,411	 97,630
 471,583	 69,238
 471,756	 92,611
 471,928	 104,730
 472,100	 88,546
 472,273	 80,844
 472,445	 81,892
 472,618	 96,819
 472,790	 104,743
 472,962	 84,101
 473,135	 76,564
 473,307	 86,653
 473,479	 94,763
 473,652	 79,601
 473,824	 86,423
 473,997	 73,210
 474,169	 88,005
 474,341	 85,246
 474,514	 96,906
 474,686	 96,283
 474,859	 88,705
 475,031	 70,303
 475,203	 92,579
 475,376	 70,766
 475,548	 76,282
 475,720	 74,340
 475,893	 91,901
 476,065	 73,122
 476,238	 70,510
 476,410	 74,710
 476,582	 83,070
 476,755	 94,402
 476,927	 68,814
 477,100	 82,333
 477,272	 87,385
 477,444	 78,217
 477,617	 77,758
 477,789	 89,730
 477,961	 78,643
 478,134	 74,540
 478,306	 101,836
 478,479	 78,348
 478,651	 74,533
 478,823	 81,378
 478,996	 78,650
 479,168	 79,422
 479,340	 82,722
 479,513	 84,959
 479,685	 90,646
 479,858	 81,355
 480,030	 87,211
 480,202	 98,004
 480,375	 87,322
 480,547	 69,792
 480,719	 72,268
 480,892	 77,404
 481,064	 73,171
 481,237	 66,708
 481,409	 82,691
 481,581	 88,348
 481,754	 105,595
 481,926	 110,935
 482,098	 77,897
 482,271	 83,766
 482,443	 87,825
 482,616	 86,744
 482,788	 72,754
 482,960	 61,447
 483,133	 92,649
 483,305	 97,776
 483,477	 80,722
 483,650	 69,806
 483,822	 89,640
 483,995	 98,718
 484,167	 99,608
 484,339	 87,556
 484,512	 95,484
 484,684	 90,642
 484,856	 98,282
 485,029	 92,599
 485,201	 85,631
 485,374	 97,508
 485,546	 92,492
 485,718	 79,774
 485,891	 91,020
 486,063	 85,040
 486,235	 89,149
 486,408	 89,852
 486,580	 89,687
 486,752	 86,951
 486,925	 102,302
 487,097	 88,677
 487,270	 90,724
 487,442	 86,610
 487,614	 87,811
 487,787	 90,316
 487,959	 99,399
 488,131	 82,232
 488,304	 87,681
 488,476	 92,231
 488,648	 81,759
 488,821	 90,405
 488,993	 88,356
 489,166	 96,001
 489,338	 89,633
 489,510	 89,201
 489,683	 79,778
 489,855	 95,384
 490,027	 93,643
 490,200	 78,063
 490,372	 83,856
 490,544	 93,260
 490,717	 103,069
 490,889	 108,237
 491,062	 102,815
 491,234	 91,973
 491,406	 90,133
 491,579	 87,473
 491,751	 97,674
 491,923	 80,172
 492,096	 89,527
 492,268	 91,707
 492,440	 77,125
 492,613	 92,262
 492,785	 80,899
 492,957	 82,949
 493,130	 100,447
 493,302	 87,586
 493,475	 84,900
 493,647	 99,893
 493,819	 96,128
 493,992	 115,867
 494,164	 97,580
 494,336	 96,442
 494,509	 84,418
 494,681	 95,675
 494,853	 94,978
 495,026	 93,601
 495,198	 101,772
 495,370	 94,139
 495,543	 89,193
 495,715	 92,851
 495,888	 96,056
 496,060	 84,762
 496,232	 98,283
 496,405	 90,100
 496,577	 98,912
 496,749	 99,751
 496,922	 108,953
 497,094	 91,735
 497,266	 97,720
 497,439	 84,943
 497,611	 97,013
 497,783	 82,245
 497,956	 94,680
 498,128	 96,597
 498,300	 100,447
 498,473	 84,726
 498,645	 97,697
 498,817	 107,342
 498,990	 97,196
 499,162	 105,260
 499,335	 85,939
 499,507	 96,963
 499,679	 92,263
 499,852	 105,456
 500,024	 108,961
 500,196	 95,010
 500,369	 99,602
 500,541	 97,951
 500,713	 108,383
 500,886	 99,124
 501,058	 113,727
 501,230	 90,946
 501,403	 85,893
 501,575	 85,982
 501,747	 103,068
 501,920	 84,027
 502,092	 97,302
 502,264	 96,461
 502,437	 89,131
 502,609	 106,662
 502,781	 89,580
 502,954	 88,458
 503,126	 106,367
 503,298	 97,746
 503,471	 97,260
 503,643	 94,764
 503,816	 104,199
 503,988	 99,368
 504,160	 101,615
 504,333	 86,932
 504,505	 110,110
 504,677	 105,148
 504,850	 101,764
 505,022	 86,292
 505,194	 103,290
 505,367	 101,869
 505,539	 98,069
 505,711	 95,912
 505,884	 108,957
 506,056	 103,526
 506,228	 93,625
 506,401	 101,084
 506,573	 116,469
 506,745	 104,121
 506,918	 108,431
 507,090	 94,828
 507,262	 106,043
 507,435	 100,071
 507,607	 96,303
 507,779	 95,723
 507,952	 101,835
 508,124	 90,018
 508,296	 105,028
 508,469	 120,982
 508,641	 106,695
 508,813	 89,818
 508,986	 99,711
 509,158	 90,230
 509,330	 100,877
 509,503	 90,835
 509,675	 110,835
 509,847	 103,271
 510,020	 97,653
 510,192	 105,485
 510,364	 119,161
 510,537	 99,143
 510,709	 101,345
 510,881	 103,336
 511,054	 91,625
 511,226	 99,470
 511,398	 114,047
 511,571	 104,749
 511,743	 106,027
 511,915	 103,615
 512,088	 89,424
 512,260	 96,393
 512,432	 97,334
 512,605	 100,617
 512,777	 103,242
 512,949	 106,877
 513,122	 107,855
 513,294	 113,502
 513,466	 102,895
 513,639	 114,027
 513,811	 103,761
 513,983	 104,320
 514,156	 103,672
 514,328	 68,348
 514,500	 105,063
 514,673	 116,991
 514,845	 109,812
 515,017	 99,582
 515,190	 112,645
 515,362	 101,413
 515,534	 102,279
 515,706	 105,146
 515,879	 114,184
 516,051	 114,361
 516,223	 115,005
 516,396	 105,255
 516,568	 111,679
 516,740	 100,764
 516,913	 106,666
 517,085	 113,501
 517,257	 125,528
 517,430	 110,723
 517,602	 123,179
 517,774	 104,595
 517,947	 109,947
 518,119	 101,734
 518,291	 111,045
 518,464	 99,467
 518,636	 111,534
 518,808	 117,252
 518,981	 110,646
 519,153	 119,170
 519,325	 111,383
 519,498	 117,829
 519,670	 122,398
 519,842	 102,410
 520,015	 111,291
 520,187	 114,068
 520,359	 108,394
 520,531	 102,044
 520,704	 118,853
 520,876	 112,427
 521,048	 119,180
 521,221	 125,561
 521,393	 108,641
 521,565	 109,377
 521,738	 116,301
 521,910	 119,003
 522,082	 122,623
 522,255	 107,689
 522,427	 117,808
 522,599	 120,248
 522,772	 102,467
 522,944	 115,198
 523,116	 115,422
 523,289	 119,775
 523,461	 115,243
 523,633	 108,394
 523,805	 115,574
 523,978	 114,724
 524,150	 115,168
 524,322	 118,854
 524,495	 106,378
 524,667	 124,343
 524,839	 127,340
 525,012	 120,112
 525,184	 109,819
 525,356	 117,089
 525,529	 124,639
 525,701	 119,851
 525,873	 132,107
 526,045	 113,368
 526,218	 122,551
 526,390	 109,673
 526,562	 127,011
 526,735	 123,098
 526,907	 130,129
 527,079	 118,975
 527,252	 146,547
 527,424	 118,387
 527,596	 125,502
 527,769	 124,011
 527,941	 123,414
 528,113	 117,762
 528,285	 125,373
 528,458	 130,952
 528,630	 135,115
 528,802	 122,180
 528,975	 116,247
 529,147	 133,264
 529,319	 119,136
 529,492	 121,072
 529,664	 115,581
 529,836	 127,280
 530,009	 131,334
 530,181	 133,755
 530,353	 116,144
 530,525	 138,776
 530,698	 131,071
 530,870	 122,980
 531,042	 129,121
 531,215	 135,363
 531,387	 124,386
 531,559	 127,406
 531,732	 120,182
 531,904	 125,112
 532,076	 126,743
 532,248	 127,012
 532,421	 132,766
 532,593	 150,097
 532,765	 139,906
 532,938	 129,954
 533,110	 138,384
 533,282	 131,397
 533,455	 129,035
 533,627	 133,017
 533,799	 137,011
 533,971	 131,385
 534,144	 132,960
 534,316	 132,459
 534,488	 131,632
 534,661	 131,858
 534,833	 148,458
 535,005	 141,829
 535,178	 125,001
 535,350	 143,813
 535,522	 136,002
 535,694	 144,310
 535,867	 147,174
 536,039	 133,046
 536,211	 140,855
 536,384	 132,602
 536,556	 134,698
 536,728	 138,960
 536,900	 144,948
 537,073	 141,994
 537,245	 138,919
 537,417	 146,960
 537,590	 151,066
 537,762	 142,897
 537,934	 152,415
 538,107	 147,457
 538,279	 145,724
 538,451	 161,335
 538,623	 141,556
 538,796	 143,944
 538,968	 150,743
 539,140	 171,354
 539,313	 149,423
 539,485	 146,216
 539,657	 141,510
 539,829	 147,387
 540,002	 159,607
 540,174	 142,006
 540,346	 163,729
 540,519	 157,039
 540,691	 147,692
 540,863	 151,925
 541,035	 147,558
 541,208	 154,801
 541,380	 161,522
 541,552	 157,993
 541,725	 150,498
 541,897	 160,264
 542,069	 163,504
 542,241	 174,561
 542,414	 164,007
 542,586	 162,674
 542,758	 176,205
 542,931	 163,386
 543,103	 165,228
 543,275	 154,027
 543,447	 159,992
 543,620	 165,387
 543,792	 164,219
 543,964	 170,791
 544,137	 170,699
 544,309	 157,102
 544,481	 160,960
 544,653	 159,314
 544,826	 155,293
 544,998	 174,667
 545,170	 157,869
 545,343	 164,933
 545,515	 168,806
 545,687	 165,639
 545,859	 164,498
 546,032	 177,739
 546,204	 176,809
 546,376	 172,312
 546,549	 179,565
 546,721	 177,084
 546,893	 188,694
 547,065	 182,105
 547,238	 190,303
 547,410	 193,467
 547,582	 193,776
 547,754	 173,850
 547,927	 173,824
 548,099	 177,203
 548,271	 174,709
 548,444	 165,679
 548,616	 182,694
 548,788	 179,191
 548,960	 186,353
 549,133	 164,075
 549,305	 182,888
 549,477	 179,795
 549,649	 179,316
 549,822	 175,364
 549,994	 173,249
 550,166	 180,219
 550,339	 173,599
 550,511	 177,087
 550,683	 176,133
 550,855	 187,894
 551,028	 182,572
 551,200	 177,777
 551,372	 177,868
 551,544	 186,073
 551,717	 176,375
 551,889	 181,479
 552,061	 177,660
 552,234	 184,165
 552,406	 187,931
 552,578	 169,398
 552,750	 187,220
 552,923	 197,042
 553,095	 181,338
 553,267	 182,132
 553,439	 165,322
 553,612	 180,582
 553,784	 165,619
 553,956	 180,905
 554,129	 177,920
 554,301	 173,866
 554,473	 196,396
 554,645	 162,684
 554,818	 187,901
 554,990	 186,804
 555,162	 182,206
 555,334	 176,613
 555,507	 175,500
 555,679	 190,606
 555,851	 184,171
 556,023	 183,455
 556,196	 185,008
 556,368	 175,082
 556,540	 186,375
 556,713	 179,617
 556,885	 187,609
 557,057	 188,291
 557,229	 186,102
 557,402	 176,235
 557,574	 183,750
 557,746	 182,970
 557,918	 193,111
 558,091	 190,269
 558,263	 192,165
 558,435	 180,323
 558,607	 208,507
 558,780	 177,831
 558,952	 188,670
 559,124	 185,658
 559,296	 187,066
 559,469	 183,624
 559,641	 185,694
 559,813	 190,652
 559,986	 187,292
 560,158	 207,190
 560,330	 185,604
 560,502	 182,861
 560,675	 194,069
 560,847	 196,227
 561,019	 185,415
 561,191	 200,595
 561,364	 206,453
 561,536	 186,561
 561,708	 183,613
 561,880	 198,379
 562,053	 192,707
 562,225	 197,830
 562,397	 199,670
 562,569	 199,449
 562,742	 205,451
 562,914	 194,153
 563,086	 197,528
 563,258	 203,086
 563,431	 212,166
 563,603	 206,963
 563,775	 203,455
 563,947	 202,794
 564,120	 204,557
 564,292	 205,967
 564,464	 183,783
 564,636	 206,003
 564,809	 218,289
 564,981	 200,145
 565,153	 203,243
 565,325	 209,925
 565,498	 208,020
 565,670	 197,073
 565,842	 209,612
 566,014	 205,107
 566,187	 202,160
 566,359	 207,298
 566,531	 225,035
 566,703	 217,039
 566,876	 203,166
 567,048	 189,323
 567,220	 209,481
 567,392	 204,497
 567,565	 216,321
 567,737	 208,633
 567,909	 211,739
 568,081	 218,624
 568,254	 204,830
 568,426	 217,168
 568,598	 208,051
 568,770	 209,530
 568,943	 218,786
 569,115	 213,573
 569,287	 219,537
 569,459	 215,758
 569,632	 219,558
 569,804	 225,962
 569,976	 217,408
 570,148	 217,171
 570,321	 223,912
 570,493	 208,646
 570,665	 222,215
 570,837	 218,259
 571,010	 223,513
 571,182	 227,293
 571,354	 221,298
 571,526	 219,301
 571,699	 223,250
 571,871	 225,672
 572,043	 210,711
 572,215	 226,261
 572,388	 222,567
 572,560	 227,836
 572,732	 233,260
 572,904	 228,607
 573,077	 236,328
 573,249	 221,445
 573,421	 230,528
 573,593	 232,476
 573,765	 229,935
 573,938	 232,935
 574,110	 246,134
 574,282	 234,883
 574,454	 231,402
 574,627	 238,585
 574,799	 228,100
 574,971	 236,044
 575,143	 242,708
 575,316	 243,612
 575,488	 239,023
 575,660	 234,818
 575,832	 246,763
 576,005	 222,576
 576,177	 235,451
 576,349	 232,665
 576,521	 232,396
 576,694	 246,498
 576,866	 231,644
 577,038	 243,878
 577,210	 244,706
 577,382	 257,191
 577,555	 230,964
 577,727	 240,304
 577,899	 257,563
 578,071	 244,788
 578,244	 249,991
 578,416	 241,899
 578,588	 244,929
 578,760	 262,129
 578,933	 243,213
 579,105	 246,705
 579,277	 260,789
 579,449	 255,340
 579,621	 265,357
 579,794	 257,142
 579,966	 255,105
 580,138	 273,182
 580,310	 265,457
 580,483	 259,740
 580,655	 255,584
 580,827	 271,381
 580,999	 258,419
 581,172	 245,901
 581,344	 262,185
 581,516	 258,557
 581,688	 254,716
 581,860	 274,595
 582,033	 256,659
 582,205	 272,388
 582,377	 269,782
 582,549	 271,374
 582,722	 262,726
 582,894	 282,133
 583,066	 267,069
 583,238	 270,971
 583,411	 271,597
 583,583	 263,387
 583,755	 279,769
 583,927	 277,889
 584,099	 273,764
 584,272	 271,610
 584,444	 278,992
 584,616	 268,087
 584,788	 273,495
 584,961	 272,515
 585,133	 272,803
 585,305	 267,490
 585,477	 294,982
 585,649	 276,544
 585,822	 286,579
 585,994	 270,711
 586,166	 287,628
 586,338	 285,562
 586,511	 283,293
 586,683	 285,647
 586,855	 278,371
 587,027	 290,765
 587,199	 286,302
 587,372	 281,315
 587,544	 294,026
 587,716	 285,477
 587,888	 287,523
 588,061	 301,260
 588,233	 300,060
 588,405	 288,465
 588,577	 295,209
 588,749	 300,689
 588,922	 286,723
 589,094	 287,856
 589,266	 288,344
 589,438	 296,168
 589,610	 287,790
 589,783	 295,360
 589,955	 286,295
 590,127	 291,613
 590,299	 299,254
 590,472	 301,046
 590,644	 293,534
 590,816	 303,369
 590,988	 303,158
 591,160	 306,981
 591,333	 309,444
 591,505	 306,001
 591,677	 300,938
 591,849	 309,279
 592,021	 292,949
 592,194	 306,412
 592,366	 292,856
 592,538	 301,373
 592,710	 316,767
 592,883	 314,427
 593,055	 318,752
 593,227	 309,134
 593,399	 302,661
 593,571	 315,686
 593,744	 307,838
 593,916	 316,413
 594,088	 309,958
 594,260	 327,150
 594,432	 313,629
 594,605	 319,513
 594,777	 328,858
 594,949	 332,629
 595,121	 323,748
 595,293	 318,905
 595,466	 315,288
 595,638	 317,719
 595,810	 326,878
 595,982	 331,211
 596,155	 323,554
 596,327	 328,467
 596,499	 317,202
 596,671	 337,384
 596,843	 328,458
 597,016	 324,822
 597,188	 332,466
 597,360	 334,946
 597,532	 331,171
 597,704	 327,872
 597,877	 339,334
 598,049	 333,545
 598,221	 344,183
 598,393	 325,796
 598,565	 345,269
 598,738	 330,434
 598,910	 344,345
 599,082	 337,457
 599,254	 354,037
 599,426	 335,595
 599,599	 350,107
 599,771	 348,307
 599,943	 340,657
 600,115	 338,574
 600,287	 350,103
 600,460	 344,030
 600,632	 343,205
 600,804	 346,553
 600,976	 348,735
 601,148	 358,025
 601,321	 355,490
 601,493	 358,518
 601,665	 353,593
 601,837	 354,540
 602,009	 356,351
 602,182	 360,903
 602,354	 363,982
 602,526	 368,051
 602,698	 367,687
 602,870	 354,076
 603,043	 370,715
 603,215	 363,646
 603,387	 352,502
 603,559	 370,918
 603,731	 381,403
 603,904	 369,020
 604,076	 371,818
 604,248	 388,044
 604,420	 378,468
 604,592	 381,318
 604,765	 372,186
 604,937	 368,919
 605,109	 374,504
 605,281	 367,240
 605,453	 369,875
 605,626	 377,119
 605,798	 375,391
 605,970	 376,459
 606,142	 373,190
 606,314	 408,758
 606,486	 391,615
 606,659	 382,458
 606,831	 392,881
 607,003	 384,816
 607,175	 393,094
 607,347	 396,953
 607,520	 399,823
 607,692	 386,074
 607,864	 398,510
 608,036	 389,987
 608,208	 396,122
 608,381	 411,480
 608,553	 393,038
 608,725	 402,991
 608,897	 408,143
 609,069	 397,038
 609,242	 403,858
 609,414	 395,077
 609,586	 413,477
 609,758	 407,038
 609,930	 403,074
 610,102	 419,960
 610,275	 415,822
 610,447	 426,774
 610,619	 414,888
 610,791	 424,005
 610,963	 422,877
 611,136	 419,449
 611,308	 423,281
 611,480	 427,295
 611,652	 444,182
 611,824	 450,560
 611,996	 455,127
 612,169	 458,643
 612,341	 459,258
 612,513	 458,985
 612,685	 457,761
 612,857	 450,437
 613,030	 465,630
 613,202	 445,965
 613,374	 449,513
 613,546	 443,296
 613,718	 450,112
 613,890	 456,170
 614,063	 469,029
 614,235	 453,390
 614,407	 456,649
 614,579	 442,357
 614,751	 453,129
 614,924	 464,112
 615,096	 459,818
 615,268	 466,147
 615,440	 445,944
 615,612	 451,814
 615,784	 470,408
 615,957	 473,808
 616,129	 469,656
 616,301	 476,217
 616,473	 481,005
 616,645	 466,031
 616,818	 458,385
 616,990	 473,536
 617,162	 468,577
 617,334	 461,756
 617,506	 456,511
 617,678	 462,153
 617,851	 465,897
 618,023	 482,225
 618,195	 468,230
 618,367	 461,018
 618,539	 464,797
 618,711	 466,301
 618,884	 479,767
 619,056	 484,342
 619,228	 481,079
 619,400	 468,651
 619,572	 476,796
 619,744	 494,191
 619,917	 490,964
 620,089	 481,246
 620,261	 491,256
 620,433	 482,312
 620,605	 496,608
 620,778	 491,413
 620,950	 504,031
 621,122	 494,282
 621,294	 501,813
 621,466	 497,915
 621,638	 496,272
 621,811	 510,129
 621,983	 496,077
 622,155	 490,766
 622,327	 514,778
 622,499	 511,325
 622,671	 499,235
 622,844	 500,463
 623,016	 516,256
 623,188	 497,266
 623,360	 520,106
 623,532	 517,098
 623,704	 521,423
 623,877	 522,589
 624,049	 517,512
 624,221	 528,418
 624,393	 507,047
 624,565	 539,647
 624,737	 537,327
 624,910	 518,307
 625,082	 547,959
 625,254	 520,514
 625,426	 542,998
 625,598	 542,237
 625,770	 543,932
 625,943	 520,771
 626,115	 544,871
 626,287	 543,496
 626,459	 553,433
 626,631	 548,830
 626,803	 564,235
 626,976	 541,753
 627,148	 560,465
 627,320	 540,373
 627,492	 567,014
 627,664	 542,292
 627,836	 559,835
 628,008	 561,418
 628,181	 548,900
 628,353	 552,095
 628,525	 550,700
 628,697	 556,305
 628,869	 567,723
 629,041	 568,846
 629,214	 566,869
 629,386	 556,299
 629,558	 563,977
 629,730	 561,774
 629,902	 603,516
 630,074	 580,144
 630,247	 576,508
 630,419	 573,601
 630,591	 598,995
 630,763	 608,639
 630,935	 588,928
 631,107	 598,977
 631,279	 590,162
 631,452	 573,119
 631,624	 584,665
 631,796	 614,901
 631,968	 598,356
 632,140	 600,670
 632,312	 591,904
 632,485	 596,515
 632,657	 615,152
 632,829	 618,442
 633,001	 609,598
 633,173	 615,236
 633,345	 616,866
 633,517	 595,871
 633,690	 605,514
 633,862	 617,935
 634,034	 597,147
 634,206	 619,395
 634,378	 621,464
 634,550	 613,669
 634,723	 621,089
 634,895	 628,564
 635,067	 634,989
 635,239	 620,776
 635,411	 601,023
 635,583	 645,211
 635,755	 628,888
 635,928	 650,608
 636,100	 617,599
 636,272	 639,166
 636,444	 657,946
 636,616	 619,387
 636,788	 646,914
 636,960	 649,050
 637,133	 640,004
 637,305	 648,919
 637,477	 640,094
 637,649	 666,554
 637,821	 667,225
 637,993	 661,574
 638,166	 657,676
 638,338	 675,545
 638,510	 644,637
 638,682	 666,934
 638,854	 647,773
 639,026	 653,604
 639,198	 684,923
 639,371	 668,745
 639,543	 650,884
 639,715	 679,303
 639,887	 678,283
 640,059	 673,713
 640,231	 680,714
 640,403	 687,286
 640,576	 696,361
 640,748	 703,593
 640,920	 708,440
 641,092	 708,923
 641,264	 706,500
 641,436	 704,800
 641,608	 702,335
 641,781	 708,621
 641,953	 712,729
 642,125	 689,723
 642,297	 701,732
 642,469	 700,825
 642,641	 708,397
 642,813	 709,106
 642,985	 705,553
 643,158	 721,154
 643,330	 712,231
 643,502	 722,164
 643,674	 716,235
 643,846	 721,298
 644,018	 716,451
 644,190	 729,036
 644,363	 729,812
 644,535	 729,773
 644,707	 720,629
 644,879	 747,745
 645,051	 738,740
 645,223	 732,677
 645,395	 750,444
 645,568	 780,340
 645,740	 754,782
 645,912	 750,453
 646,084	 740,659
 646,256	 774,391
 646,428	 755,533
 646,600	 756,334
 646,772	 782,315
 646,945	 786,484
 647,117	 772,107
 647,289	 757,963
 647,461	 793,838
 647,633	 781,266
 647,805	 761,514
 647,977	 757,283
 648,150	 752,788
 648,322	 775,827
 648,494	 777,157
 648,666	 760,012
 648,838	 782,102
 649,010	 795,786
 649,182	 790,345
 649,354	 797,390
 649,527	 798,868
 649,699	 784,652
 649,871	 786,181
 650,043	 792,483
 650,215	 814,641
 650,387	 811,078
 650,559	 794,625
 650,731	 791,092
 650,904	 814,190
 651,076	 817,050
 651,248	 795,814
 651,420	 821,867
 651,592	 827,822
 651,764	 812,833
 651,936	 819,071
 652,108	 832,669
 652,281	 839,906
 652,453	 830,803
 652,625	 823,354
 652,797	 828,189
 652,969	 823,807
 653,141	 828,794
 653,313	 831,201
 653,485	 843,334
 653,658	 855,045
 653,830	 841,572
 654,002	 863,856
 654,174	 859,124
 654,346	 831,656
 654,518	 835,375
 654,690	 858,442
 654,862	 844,968
 655,035	 863,392
 655,207	 852,583
 655,379	 869,369
 655,551	 872,806
 655,723	 892,132
 655,895	 888,775
 656,067	 887,183
 656,239	 879,806
 656,412	 889,370
 656,584	 872,397
 656,756	 881,724
 656,928	 876,718
 657,100	 899,086
 657,272	 892,690
 657,444	 866,813
 657,616	 886,611
 657,788	 882,606
 657,961	 879,325
 658,133	 883,063
 658,305	 899,835
 658,477	 929,507
 658,649	 934,256
 658,821	 925,656
 658,993	 923,537
 659,165	 918,119
 659,337	 925,834
 659,510	 911,729
 659,682	 907,884
 659,854	 915,221
 660,026	 919,974
 660,198	 934,461
 660,370	 937,730
 660,542	 906,682
 660,714	 945,526
 660,887	 966,819
 661,059	 946,240
 661,231	 948,412
 661,403	 941,953
 661,575	 941,522
 661,747	 943,384
 661,919	 958,958
 662,091	 975,374
 662,263	 985,740
 662,436	 979,409
 662,608	 971,425
 662,780	 969,511
 662,952	 990,115
 663,124	 981,084
 663,296	 985,950
 663,468	 1009,798
 663,640	 995,516
 663,812	 980,155
 663,984	 985,098
 664,157	 983,270
 664,329	 979,809
 664,501	 992,942
 664,673	 1005,042
 664,845	 989,415
 665,017	 1012,674
 665,189	 999,054
 665,361	 1000,198
 665,533	 1027,479
 665,706	 1019,444
 665,878	 1008,735
 666,050	 1035,995
 666,222	 1021,136
 666,394	 1026,933
 666,566	 1016,577
 666,738	 1018,956
 666,910	 1038,907
 667,082	 1041,889
 667,254	 1032,296
 667,427	 1036,736
 667,599	 1065,123
 667,771	 1058,454
 667,943	 1046,420
 668,115	 1021,190
 668,287	 1046,108
 668,459	 1060,839
 668,631	 1038,906
 668,803	 1061,045
 668,976	 1061,249
 669,148	 1037,330
 669,320	 1073,605
 669,492	 1095,253
 669,664	 1095,696
 669,836	 1089,172
 670,008	 1069,213
 670,180	 1096,209
 670,352	 1097,173
 670,524	 1071,917
 670,697	 1094,565
 670,869	 1091,953
 671,041	 1096,544
 671,213	 1113,465
 671,385	 1092,748
 671,557	 1139,276
 671,729	 1093,155
 671,901	 1098,929
 672,073	 1109,792
 672,245	 1122,583
 672,417	 1131,034
 672,590	 1111,928
 672,762	 1119,827
 672,934	 1134,126
 673,106	 1121,968
 673,278	 1149,912
 673,450	 1156,140
 673,622	 1156,031
 673,794	 1141,424
 673,966	 1164,666
 674,138	 1143,530
 674,311	 1138,282
 674,483	 1168,159
 674,655	 1152,777
 674,827	 1176,523
 674,999	 1174,082
 675,171	 1180,808
 675,343	 1183,102
 675,515	 1162,089
 675,687	 1173,393
 675,859	 1171,189
 676,031	 1193,528
 676,204	 1207,693
 676,376	 1193,614
 676,548	 1178,502
 676,720	 1201,695
 676,892	 1184,996
 677,064	 1211,399
 677,236	 1211,218
 677,408	 1199,011
 677,580	 1192,399
 677,752	 1227,696
 677,924	 1244,326
 678,096	 1218,997
 678,269	 1214,363
 678,441	 1237,467
 678,613	 1209,897
 678,785	 1235,286
 678,957	 1234,444
 679,129	 1258,671
 679,301	 1253,335
 679,473	 1225,596
 679,645	 1251,521
 679,817	 1227,233
 679,989	 1268,419
 680,162	 1290,792
 680,334	 1254,444
 680,506	 1256,992
 680,678	 1269,897
 680,850	 1236,715
 681,022	 1274,551
 681,194	 1270,227
 681,366	 1276,985
 681,538	 1292,419
 681,710	 1292,552
 681,882	 1287,081
 682,054	 1313,403
 682,227	 1308,551
 682,399	 1307,947
 682,571	 1317,943
 682,743	 1293,742
 682,915	 1336,520
 683,087	 1300,545
 683,259	 1312,718
 683,431	 1323,716
 683,603	 1340,599
 683,775	 1324,433
 683,947	 1337,098
 684,119	 1342,496
 684,291	 1321,847
 684,464	 1341,103
 684,636	 1345,472
 684,808	 1359,981
 684,980	 1351,499
 685,152	 1338,673
 685,324	 1358,111
 685,496	 1364,928
 685,668	 1345,385
 685,840	 1374,614
 686,012	 1362,156
 686,184	 1388,890
 686,356	 1373,525
 686,528	 1407,093
 686,701	 1416,385
 686,873	 1411,567
 687,045	 1404,451
 687,217	 1391,252
 687,389	 1381,495
 687,561	 1405,005
 687,733	 1434,743
 687,905	 1421,042
 688,077	 1445,506
 688,249	 1453,091
 688,421	 1458,427
 688,593	 1463,512
 688,765	 1464,111
 688,937	 1445,286
 689,110	 1458,764
 689,282	 1461,399
 689,454	 1435,017
 689,626	 1475,953
 689,798	 1476,520
 689,970	 1464,825
 690,142	 1470,070
 690,314	 1508,684
 690,486	 1487,205
 690,658	 1491,646
 690,830	 1491,446
 691,002	 1456,654
 691,174	 1492,330
 691,346	 1489,033
 691,519	 1486,812
 691,691	 1511,006
 691,863	 1520,085
 692,035	 1534,409
 692,207	 1512,052
 692,379	 1490,384
 692,551	 1486,607
 692,723	 1503,072
 692,895	 1504,430
 693,067	 1455,117
 693,239	 1481,568
 693,411	 1458,892
 693,583	 1527,925
 693,755	 1466,417
 693,927	 1526,721
 694,100	 1521,414
 694,272	 1549,118
 694,444	 1524,993
 694,616	 1567,381
 694,788	 1610,100
 694,960	 1618,214
 695,132	 1719,486
 695,304	 1786,634
 695,476	 1879,794
 695,648	 1926,757
 695,820	 1946,180
 695,992	 1976,397
 696,164	 1949,271
 696,336	 1889,894
 696,508	 1848,841
 696,680	 1849,142
 696,852	 1836,274
 697,025	 1829,654
 697,197	 1801,099
 697,369	 1793,367
 697,541	 1774,551
 697,713	 1774,214
 697,885	 1766,194
 698,057	 1814,248
 698,229	 1783,977
 698,401	 1770,474
 698,573	 1777,361
 698,745	 1778,778
 698,917	 1806,265
 699,089	 1788,364
 699,261	 1768,390
 699,433	 1809,379
 699,605	 1812,641
 699,777	 1829,569
 699,950	 1837,039
 700,122	 1878,613
 700,294	 1843,187
 700,466	 1871,589
 700,638	 1890,260
 700,810	 1875,076
 700,982	 1898,046
 701,154	 1900,406
 701,326	 1920,482
 701,498	 1908,971
 701,670	 1911,473
 701,842	 1948,334
 702,014	 1942,042
 702,186	 1974,639
 702,358	 1955,584
 702,530	 1948,127
 702,702	 1932,507
 702,874	 1993,783
 703,046	 1945,913
 703,219	 1990,553
 703,391	 2010,239
 703,563	 2037,516
 703,735	 2038,790
 703,907	 2009,580
 704,079	 2024,772
 704,251	 2034,588
 704,423	 2100,253
 704,595	 2069,417
 704,767	 2014,668
 704,939	 2122,737
 705,111	 2062,443
 705,283	 2067,833
 705,455	 2095,665
 705,627	 2082,498
 705,799	 2118,787
 705,971	 2128,919
 706,143	 2141,541
 706,315	 2175,722
 706,487	 2205,270
 706,659	 2180,193
 706,832	 2177,057
 707,004	 2155,405
 707,176	 2185,769
 707,348	 2198,866
 707,520	 2270,878
 707,692	 2221,701
 707,864	 2258,780
 708,036	 2306,532
 708,208	 2269,751
 708,380	 2270,783
 708,552	 2250,056
 708,724	 2279,689
 708,896	 2228,600
 709,068	 2314,193
 709,240	 2286,232
 709,412	 2307,007
 709,584	 2326,077
 709,756	 2313,349
 709,928	 2375,958
 710,100	 2403,161
 710,272	 2372,144
 710,444	 2374,002
 710,616	 2387,172
 710,789	 2381,926
 710,961	 2381,971
 711,133	 2443,391
 711,305	 2358,352
 711,477	 2403,684
 711,649	 2431,731
 711,821	 2472,269
 711,993	 2439,199
 712,165	 2481,702
 712,337	 2467,409
 712,509	 2472,816
 712,681	 2434,911
 712,853	 2489,393
 713,025	 2489,385
 713,197	 2528,652
 713,369	 2529,848
 713,541	 2546,769
 713,713	 2562,524
 713,885	 2611,995
 714,057	 2624,299
 714,229	 2611,753
 714,401	 2597,710
 714,573	 2533,831
 714,745	 2581,939
 714,917	 2609,880
 715,089	 2635,046
 715,261	 2638,367
 715,433	 2652,003
 715,606	 2692,558
 715,778	 2716,615
 715,950	 2716,821
 716,122	 2720,233
 716,294	 2755,929
 716,466	 2700,455
 716,638	 2688,773
 716,810	 2697,570
 716,982	 2757,245
 717,154	 2739,044
 717,326	 2787,412
 717,498	 2822,097
 717,670	 2803,766
 717,842	 2825,763
 718,014	 2858,350
 718,186	 2850,341
 718,358	 2857,486
 718,530	 2802,863
 718,702	 2837,540
 718,874	 2864,764
 719,046	 2900,018
 719,218	 2909,722
 719,390	 2977,869
 719,562	 2934,878
 719,734	 2998,941
 719,906	 2966,755
 720,078	 2981,031
 720,250	 2946,836
 720,422	 3011,953
 720,594	 2961,750
 720,766	 3055,259
 720,938	 2966,930
 721,110	 3068,398
 721,282	 3078,720
 721,454	 3086,572
 721,626	 3112,135
 721,799	 3117,338
 721,971	 3043,840
 722,143	 3111,949
 722,315	 3103,498
 722,487	 3089,267
 722,659	 3141,229
 722,831	 3127,208
 723,003	 3160,021
 723,175	 3199,793
 723,347	 3224,839
 723,519	 3245,970
 723,691	 3248,076
 723,863	 3220,812
 724,035	 3196,278
 724,207	 3255,961
 724,379	 3230,367
 724,551	 3233,447
 724,723	 3284,636
 724,895	 3289,892
 725,067	 3324,047
 725,239	 3318,902
 725,411	 3288,759
 725,583	 3415,694
 725,755	 3334,393
 725,927	 3399,857
 726,099	 3361,692
 726,271	 3375,162
 726,443	 3309,753
 726,615	 3384,496
 726,787	 3404,001
 726,959	 3437,420
 727,131	 3465,577
 727,303	 3493,053
 727,475	 3483,729
 727,647	 3540,417
 727,819	 3518,117
 727,991	 3459,442
 728,163	 3500,978
 728,335	 3515,379
 728,507	 3484,879
 728,679	 3507,766
 728,851	 3572,870
 729,023	 3582,189
 729,195	 3592,534
 729,367	 3583,122
 729,539	 3651,219
 729,711	 3664,246
 729,883	 3646,344
 730,055	 3699,072
 730,227	 3652,473
 730,399	 3635,976
 730,571	 3682,261
 730,743	 3675,647
 730,915	 3725,887
 731,087	 3701,789
 731,259	 3789,303
 731,431	 3740,699
 731,603	 3792,358
 731,775	 3850,150
 731,947	 3829,262
 732,119	 3849,153
 732,291	 3833,123
 732,463	 3762,720
 732,635	 3791,193
 732,807	 3810,454
 732,979	 3794,052
 733,151	 3916,434
 733,324	 3933,834
 733,496	 3893,553
 733,668	 3910,614
 733,840	 3929,305
 734,012	 3942,309
 734,184	 3977,519
 734,356	 3986,685
 734,528	 3998,042
 734,700	 4000,265
 734,872	 3996,511
 735,044	 3974,720
 735,216	 4053,069
 735,388	 4104,710
 735,560	 4110,045
 735,732	 4086,426
 735,904	 4175,787
 736,076	 4098,424
 736,248	 4131,468
 736,420	 4096,043
 736,592	 4110,656
 736,764	 4090,069
 736,936	 4152,421
 737,108	 4224,086
 737,280	 4175,016
 737,452	 4228,209
 737,624	 4285,583
 737,796	 4244,312
 737,968	 4293,087
 738,140	 4283,816
 738,312	 4283,589
 738,484	 4199,655
 738,656	 4252,621
 738,828	 4230,871
 739,000	 4283,914
 739,172	 4349,046
 739,344	 4351,701
 739,516	 4356,750
 739,688	 4317,039
 739,860	 4437,029
 740,032	 4420,774
 740,204	 4387,720
 740,376	 4473,579
 740,548	 4439,921
 740,720	 4507,975
 740,892	 4438,623
 741,064	 4474,701
 741,236	 4518,508
 741,408	 4519,156
 741,580	 4528,328
 741,752	 4524,265
 741,924	 4548,942
 742,096	 4612,889
 742,267	 4634,457
 742,439	 4604,086
 742,611	 4557,487
 742,783	 4508,871
 742,955	 4656,677
 743,127	 4715,544
 743,299	 4629,934
 743,471	 4668,524
 743,643	 4687,785
 743,815	 4661,769
 743,987	 4694,906
 744,159	 4738,861
 744,331	 4709,713
 744,503	 4748,167
 744,675	 4717,713
 744,847	 4766,049
 745,019	 4711,074
 745,191	 4724,179
 745,363	 4772,033
 745,535	 4837,470
 745,707	 4766,309
 745,879	 4788,778
 746,051	 4852,094
 746,223	 4898,270
 746,395	 4829,770
 746,567	 4884,428
 746,739	 4866,424
 746,911	 4890,156
 747,083	 4876,392
 747,255	 4959,897
 747,427	 4945,036
 747,599	 5007,568
 747,771	 4884,827
 747,943	 4945,352
 748,115	 5001,348
 748,287	 4998,074
 748,459	 5038,959
 748,631	 5069,704
 748,803	 5018,078
 748,975	 4985,195
 749,147	 5009,139
 749,319	 5083,726
 749,491	 5011,091
 749,663	 5053,596
 749,835	 5104,096
 750,007	 5166,902
 750,179	 5120,338
 750,351	 5140,680
 750,523	 5143,873
 750,695	 5121,001
 750,867	 5142,775
 751,039	 5168,366
 751,211	 5165,810
 751,383	 5115,045
 751,555	 5168,693
 751,727	 5259,996
 751,899	 5221,496
 752,071	 5246,540
 752,243	 5314,125
 752,415	 5321,047
 752,587	 5394,905
 752,759	 5398,046
 752,931	 5348,951
 753,103	 5327,886
 753,275	 5290,674
 753,447	 5473,816
 753,619	 5373,081
 753,790	 5348,987
 753,962	 5348,543
 754,134	 5365,889
 754,306	 5400,067
 754,478	 5485,994
 754,650	 5476,863
 754,822	 5445,346
 754,994	 5435,577
 755,166	 5516,094
 755,338	 5471,751
 755,510	 5473,076
 755,682	 5457,675
 755,854	 5567,606
 756,026	 5526,154
 756,198	 5601,807
 756,370	 5507,037
 756,542	 5631,690
 756,714	 5629,649
 756,886	 5625,185
 757,058	 5658,765
 757,230	 5707,433
 757,402	 5608,245
 757,574	 5660,515
 757,746	 5499,777
 757,918	 5618,555
 758,090	 5667,140
 758,262	 5690,601
 758,434	 5695,283
 758,606	 5714,433
 758,778	 5637,926
 758,950	 5938,983
 759,122	 5794,421
 759,294	 5762,556
 759,466	 5803,124
 759,638	 5868,360
 759,810	 5809,361
 759,981	 5807,468
 760,153	 5804,291
 760,325	 5824,893
 760,497	 5765,028
 760,669	 5865,920
 760,841	 5875,861
 761,013	 5984,600
 761,185	 5853,375
 761,357	 5900,972
 761,529	 5925,863
 761,701	 5992,732
 761,873	 5959,634
 762,045	 5954,637
 762,217	 6032,175
 762,389	 6011,575
 762,561	 6061,076
 762,733	 6049,371
 762,905	 6024,369
 763,077	 6075,533
 763,249	 6045,439
 763,421	 6094,260
 763,593	 6098,598
 763,765	 6141,554
 763,937	 6148,463
 764,109	 6177,200
 764,281	 6118,988
 764,453	 6210,433
 764,625	 6190,209
 764,796	 6258,603
 764,968	 6140,737
 765,140	 6302,287
 765,312	 6216,422
 765,484	 6342,704
 765,656	 6234,183
 765,828	 6390,846
 766,000	 6262,471
 766,172	 6337,042
 766,344	 6253,816
 766,516	 6349,442
 766,688	 6323,337
 766,860	 6378,716
 767,032	 6462,611
 767,204	 6378,018
 767,376	 6373,256
 767,548	 6422,301
 767,720	 6368,562
 767,892	 6465,030
 768,064	 6414,886
 768,236	 6380,721
 768,408	 6503,607
 768,580	 6497,997
 768,751	 6476,848
 768,923	 6625,948
 769,095	 6730,792
 769,267	 6555,094
 769,439	 6647,334
 769,611	 6681,142
 769,783	 6631,242
 769,955	 6630,000
 770,127	 6709,851
 770,299	 6660,552
 770,471	 6647,164
 770,643	 6673,603
 770,815	 6677,616
 770,987	 6661,249
 771,159	 6631,164
 771,331	 6682,565
 771,503	 6692,359
 771,675	 6833,127
 771,847	 6802,687
 772,019	 6745,854
 772,191	 6767,976
 772,362	 6776,198
 772,534	 6813,471
 772,706	 6658,387
 772,878	 6820,906
 773,050	 6872,344
 773,222	 6911,529
 773,394	 6956,853
 773,566	 6903,047
 773,738	 6789,919
 773,910	 6912,368
 774,082	 6952,462
 774,254	 6945,840
 774,426	 6975,552
 774,598	 6940,399
 774,770	 6945,235
 774,942	 6970,207
 775,114	 6979,955
 775,286	 7017,630
 775,458	 7080,409
 775,629	 7108,874
 775,801	 7191,294
 775,973	 7112,027
 776,145	 7110,794
 776,317	 7188,493
 776,489	 7194,467
 776,661	 7177,568
 776,833	 7279,905
 777,005	 7270,955
 777,177	 7217,352
 777,349	 7166,085
 777,521	 7229,644
 777,693	 7183,723
 777,865	 7232,835
 778,037	 7257,254
 778,209	 7281,500
 778,381	 7198,778
 778,552	 7364,583
 778,724	 7358,965
 778,896	 7498,010
 779,068	 7419,440
 779,240	 7339,884
 779,412	 7473,056
 779,584	 7400,366
 779,756	 7355,308
 779,928	 7607,604
 780,100	 7351,467
 780,272	 7452,086
 780,444	 7513,650
 780,616	 7530,339
 780,788	 7567,328
 780,960	 7532,068
 781,132	 7447,893
 781,304	 7694,854
 781,475	 7615,723
 781,647	 7739,060
 781,819	 7519,659
 781,991	 7761,459
 782,163	 7533,774
 782,335	 7672,240
 782,507	 7678,299
 782,679	 7800,067
 782,851	 7771,796
 783,023	 7667,614
 783,195	 7708,574
 783,367	 7773,418
 783,539	 7688,202
 783,711	 7837,749
 783,883	 7643,159
 784,054	 7770,821
 784,226	 7751,924
 784,398	 7778,720
 784,570	 7762,848
 784,742	 7854,052
 784,914	 7751,489
 785,086	 7911,166
 785,258	 7852,447
 785,430	 8085,464
 785,602	 8037,067
 785,774	 8071,048
 785,946	 7898,477
 786,118	 8096,248
 786,290	 7958,757
 786,461	 7967,961
 786,633	 8032,722
 786,805	 8058,530
 786,977	 7989,347
 787,149	 8018,908
 787,321	 7912,679
 787,493	 8154,117
 787,665	 7981,649
 787,837	 8079,822
 788,009	 8251,497
 788,181	 8340,521
 788,353	 8212,087
 788,525	 8270,082
 788,697	 8167,739
 788,868	 8190,132
 789,040	 8106,483
 789,212	 8209,833
 789,384	 7980,847
 789,556	 8247,946
 789,728	 8203,712
 789,900	 8233,960
 790,072	 8385,456
 790,244	 8289,570
 790,416	 8229,212
 790,588	 8435,972
 790,760	 8518,704
 790,932	 8435,336
 791,103	 8401,019
 791,275	 8371,724
 791,447	 8370,768
 791,619	 8546,455
 791,791	 8456,577
 791,963	 8376,232
 792,135	 8310,635
 792,307	 8378,194
 792,479	 8462,948
 792,651	 8462,167
 792,823	 8448,263
 792,995	 8566,917
 793,167	 8429,902
 793,338	 8631,799
 793,510	 8600,326
 793,682	 8613,143
 793,854	 8700,280
 794,026	 8565,033
 794,198	 8632,739
 794,370	 8560,828
 794,542	 8597,624
 794,714	 8518,027
 794,886	 8510,623
 795,058	 8632,433
 795,230	 8668,237
 795,401	 8820,967
 795,573	 8967,564
 795,745	 9014,355
 795,917	 8981,910
 796,089	 8972,133
 796,261	 8905,543
 796,433	 9039,538
 796,605	 8808,612
 796,777	 8797,323
 796,949	 8808,946
 797,121	 8888,912
 797,292	 8839,836
 797,464	 8920,998
 797,636	 8895,778
 797,808	 8908,173
 797,980	 8864,084
 798,152	 8945,784
 798,324	 8997,989
 798,496	 8924,370
 798,668	 9128,415
 798,840	 8978,360
 799,012	 9207,951
 799,184	 9073,935
 799,355	 8966,449
 799,527	 8889,137
 799,699	 8917,237
 799,871	 9031,055
 800,043	 9168,887
 800,215	 9270,838
 800,387	 9342,052
 800,559	 9173,436
 800,731	 9379,767
 800,903	 9234,245
 801,075	 9462,974
 801,246	 9228,395
 801,418	 9358,087
 801,590	 9182,070
 801,762	 9278,830
 801,934	 9218,933
 802,106	 9274,769
 802,278	 9185,489
 802,450	 9063,514
 802,622	 9169,246
 802,794	 9162,902
 802,965	 9357,247
 803,137	 9391,774
 803,309	 9426,021
 803,481	 9558,997
 803,653	 9365,790
 803,825	 9434,075
 803,997	 9544,719
 804,169	 9552,409
 804,341	 9366,797
 804,513	 9472,838
 804,685	 9419,777
 804,856	 9292,700
 805,028	 9407,358
 805,200	 9581,523
 805,372	 9459,760
 805,544	 9512,879
 805,716	 9596,445
 805,888	 9491,482
 806,060	 9743,557
 806,232	 9785,315
 806,404	 9796,225
 806,575	 9569,812
 806,747	 9664,059
 806,919	 9609,802
 807,091	 9842,816
 807,263	 9517,477
 807,435	 9745,304
 807,607	 9635,974
 807,779	 9692,798
 807,951	 9719,594
 808,122	 9798,624
 808,294	 9940,109
 808,466	 10147,325
 808,638	 10120,634
 808,810	 10108,285
 808,982	 10161,619
 809,154	 10130,689
 809,326	 9954,235
 809,498	 10074,416
 809,670	 9993,616
 809,841	 10109,899
 810,013	 9808,816
 810,185	 9769,644
 810,357	 9931,390
 810,529	 9856,192
 810,701	 10006,686
 810,873	 10231,104
 811,045	 10067,610
 811,217	 10120,835
 811,388	 10292,269
 811,560	 10191,327
 811,732	 10124,885
 811,904	 10282,337
 812,076	 10118,910
 812,248	 10246,004
 812,420	 10160,615
 812,592	 10332,103
 812,764	 10155,850
 812,936	 10221,278
 813,107	 10268,905
 813,279	 10367,548
 813,451	 10463,351
 813,623	 10637,305
 813,795	 10513,935
 813,967	 10433,671
 814,139	 10314,939
 814,311	 10762,056
 814,483	 10640,977
 814,654	 10400,219
 814,826	 10552,345
 814,998	 10517,108
 815,170	 10328,387
 815,342	 10450,734
 815,514	 10445,752
 815,686	 10419,001
 815,858	 10370,983
 816,029	 10572,752
 816,201	 10448,998
 816,373	 10839,280
 816,545	 10629,671
 816,717	 10585,757
 816,889	 10781,546
 817,061	 10837,789
 817,233	 10491,908
 817,405	 10628,815
 817,576	 10692,340
 817,748	 10595,409
 817,920	 10416,255
 818,092	 10566,831
 818,264	 10598,960
 818,436	 10682,886
 818,608	 10831,272
 818,780	 10574,780
 818,952	 10871,778
 819,123	 10937,476
 819,295	 10635,293
 819,467	 10851,654
 819,639	 10867,070
 819,811	 10866,469
 819,983	 10676,741
 820,155	 11131,718
 820,327	 10830,700
 820,498	 11031,809
 820,670	 10963,661
 820,842	 10870,026
 821,014	 11037,270
 821,186	 11072,667
 821,358	 10910,585
 821,530	 10878,965
 821,702	 11147,180
 821,873	 11144,674
 822,045	 11109,778
 822,217	 11211,754
 822,389	 11017,850
 822,561	 11228,108
 822,733	 11231,865
 822,905	 11206,225
 823,077	 11359,506
 823,248	 11472,813
 823,420	 11199,352
 823,592	 11240,695
 823,764	 11319,097
 823,936	 11233,177
 824,108	 11311,721
 824,280	 11307,879
 824,452	 11585,901
 824,623	 11367,803
 824,795	 11276,276
 824,967	 11515,675
 825,139	 11661,232
 825,311	 11318,265
 825,483	 11409,172
 825,655	 11686,563
 825,827	 11512,021
 825,998	 11574,197
 826,170	 11520,068
 826,342	 11629,506
 826,514	 11622,624
 826,686	 11459,392
 826,858	 11577,055
 827,030	 11578,315
 827,202	 11565,737
 827,373	 11466,665
 827,545	 11754,475
 827,717	 11659,829
 827,889	 11597,018
 828,061	 11927,124
 828,233	 11819,533
 828,405	 11770,644
 828,576	 11941,220
 828,748	 11923,418
 828,920	 11958,483
 829,092	 11694,842
 829,264	 11953,540
 829,436	 11799,329
 829,608	 12180,143
 829,780	 12052,687
 829,951	 12179,916
 830,123	 12041,605
 830,295	 11720,207
 830,467	 12157,273
 830,639	 12050,356
 830,811	 12210,970
 830,983	 11989,060
 831,154	 12210,285
 831,326	 12218,035
 831,498	 12045,318
 831,670	 12158,674
 831,842	 12127,914
 832,014	 12248,979
 832,186	 12236,726
 832,357	 12179,739
 832,529	 12701,074
 832,701	 12536,730
 832,873	 12461,064
 833,045	 12355,879
 833,217	 12252,365
 833,389	 12246,123
 833,560	 12174,343
 833,732	 12322,096
 833,904	 12415,935
 834,076	 12532,958
 834,248	 12511,511
 834,420	 12311,321
 834,592	 12269,884
 834,764	 12596,821
 834,935	 12416,651
 835,107	 12557,861
 835,279	 12495,140
 835,451	 12367,919
 835,623	 12515,987
 835,795	 12504,205
 835,967	 12994,258
 836,138	 13035,866
 836,310	 12760,511
 836,482	 12541,803
 836,654	 12761,647
 836,826	 12817,934
 836,998	 12740,334
 837,169	 12900,143
 837,341	 12946,696
 837,513	 12701,155
 837,685	 12990,118
 837,857	 12781,665
 838,029	 12672,821
 838,201	 12583,139
 838,372	 12717,607
 838,544	 12919,594
 838,716	 12963,419
 838,888	 12738,997
 839,060	 12897,577
 839,232	 13153,827
 839,404	 13200,238
 839,575	 13394,381
 839,747	 13061,275
 839,919	 13191,194
 840,091	 13224,503
 840,263	 13148,184
 840,435	 12973,565
 840,607	 13053,491
 840,778	 13219,524
 840,950	 12943,654
 841,122	 12878,983
 841,294	 12852,527
 841,466	 13159,007
 841,638	 12901,159
 841,809	 13192,682
 841,981	 13418,185
 842,153	 13711,057
 842,325	 13167,101
 842,497	 13553,105
 842,669	 13450,685
 842,841	 13487,678
 843,012	 13482,638
 843,184	 13444,460
 843,356	 13366,756
 843,528	 13581,928
 843,700	 13490,969
 843,872	 13658,170
 844,043	 13662,874
 844,215	 13914,127
 844,387	 13526,991
 844,559	 13797,282
 844,731	 13672,198
 844,903	 13584,685
 845,075	 13583,496
 845,246	 13791,672
 845,418	 13759,913
 845,590	 13791,903
 845,762	 13810,369
 845,934	 14032,652
 846,106	 13611,958
 846,277	 13895,678
 846,449	 13573,726
 846,621	 13532,716
 846,793	 13568,981
 846,965	 13672,761
 847,137	 14195,380
 847,308	 13878,185
 847,480	 14005,052
 847,652	 14355,395
 847,824	 14177,677
 847,996	 14345,281
 848,168	 14059,465
 848,340	 14311,191
 848,511	 14038,394
 848,683	 14563,248
 848,855	 13943,615
 849,027	 14239,147
 849,199	 14285,725
 849,371	 14467,920
 849,542	 14153,403
 849,714	 13753,035
 849,886	 14541,012
 850,058	 14282,353
 850,230	 14113,303
 850,402	 14533,279
 850,573	 14360,216
 850,745	 14313,475
 850,917	 14614,819
 851,089	 14729,238
 851,261	 14613,008
 851,433	 14771,716
 851,604	 14503,833
 851,776	 14657,294
 851,948	 14445,604
 852,120	 14440,792
 852,292	 14255,608
 852,464	 14415,331
 852,635	 14471,855
 852,807	 14335,909
 852,979	 14167,920
 853,151	 14412,604
 853,323	 14521,608
 853,495	 14626,941
 853,666	 14852,679
 853,838	 15318,183
 854,010	 14783,193
 854,182	 15226,465
 854,354	 14619,087
 854,526	 14938,695
 854,697	 14862,936
 854,869	 15206,865
 855,041	 14738,799
 855,213	 14936,347
 855,385	 14873,111
 855,556	 14954,706
 855,728	 14703,863
 855,900	 14540,797
 856,072	 14779,980
 856,244	 15072,609
 856,416	 14812,648
 856,587	 15106,416
 856,759	 14695,420
 856,931	 15161,417
 857,103	 14954,324
 857,275	 15241,884
 857,447	 14753,733
 857,618	 14847,241
 857,790	 14692,179
 857,962	 15295,216
 858,134	 14882,566
 858,306	 15106,551
 858,478	 15402,148
 858,649	 15249,232
 858,821	 15078,220
 858,993	 15548,846
 859,165	 15049,948
 859,337	 15591,834
 859,508	 15341,378
 859,680	 15732,288
 859,852	 15540,378
 860,024	 15292,850
 860,196	 15939,975
 860,368	 15333,307
 860,539	 15640,623
 860,711	 15724,050
 860,883	 15455,128
 861,055	 16103,105
 861,227	 15363,538
 861,398	 15646,911
 861,570	 15160,890
 861,742	 15268,592
 861,914	 15701,160
 862,086	 15379,545
 862,258	 15561,174
 862,429	 15785,007
 862,601	 15802,205
 862,773	 15449,011
 862,945	 16131,184
 863,117	 15571,574
 863,288	 15641,866
 863,460	 15155,282
 863,632	 15802,480
 863,804	 15358,528
 863,976	 16006,094
 864,148	 15813,986
 864,319	 16200,115
 864,491	 16224,892
 864,663	 15663,418
 864,835	 16031,493
 865,007	 16237,622
 865,178	 15819,497
 865,350	 15939,040
 865,522	 15971,531
 865,694	 15883,888
 865,866	 15827,546
 866,037	 16260,089
 866,209	 15963,230
 866,381	 15924,610
 866,553	 15930,923
 866,725	 16650,235
 866,897	 15944,913
 867,068	 16273,702
 867,240	 16532,583
 867,412	 16542,675
 867,584	 16588,822
 867,756	 15944,590
 867,927	 16401,008
 868,099	 16412,046
 868,271	 16479,465
 868,443	 16138,731
 868,615	 16070,619
 868,786	 16292,431
 868,958	 16565,134
 869,130	 16314,985
 869,302	 16694,812
 869,474	 16003,612
 869,646	 16542,731
 869,817	 15982,902
 869,989	 16510,626
 870,161	 16697,042
 870,333	 16610,701
 870,505	 16397,414
 870,676	 16425,194
 870,848	 17274,028
 871,020	 16173,387
 871,192	 15939,987
 871,364	 16437,075
 871,535	 15582,084
 871,707	 16924,050
 871,879	 16531,827
 872,051	 16498,150
 872,223	 16170,474
 872,394	 16062,333
 872,566	 16497,435
 872,738	 16377,896
 872,910	 16317,671
 873,082	 17156,823
 873,253	 16740,419
 873,425	 16790,009
 873,597	 17167,864
 873,769	 17004,892
 873,941	 17243,537
 874,112	 17368,545
 874,284	 16988,214
 874,456	 17149,636
 874,628	 16638,350
 874,800	 16746,715
 874,971	 16246,555
 875,143	 17092,468
 875,315	 16650,274
 875,487	 16863,230
 875,659	 16713,192
 875,830	 16638,202
 876,002	 17130,427
 876,174	 17060,043
 876,346	 17338,302
 876,518	 17047,522
 876,689	 17421,634
 876,861	 17197,565
 877,033	 17147,939
 877,205	 16391,784
 877,377	 16567,640
 877,548	 17575,407
 877,720	 16946,732
 877,892	 17359,085
 878,064	 17234,736
 878,236	 17015,238
 878,407	 17289,885
 878,579	 17078,172
 878,751	 17928,439
 878,923	 17121,667
 879,095	 17169,358
 879,266	 17491,346
 879,438	 16810,518
 879,610	 17489,216
 879,782	 16759,533
 879,953	 17238,132
 880,125	 16852,980
 880,297	 17066,012
 880,469	 16884,642
 880,641	 17577,978
 880,812	 17162,315
 880,984	 17083,700
 881,156	 17512,382
 881,328	 17787,260
 881,500	 17342,727
 881,671	 17367,173
 881,843	 17238,708
 882,015	 17067,279
 882,187	 18038,650
 882,359	 17324,033
 882,530	 17939,870
 882,702	 17500,277
 882,874	 17360,267
 883,046	 17471,943
 883,217	 17648,043
 883,389	 17277,866
 883,561	 17270,432
 883,733	 17280,836
 883,905	 17543,756
 884,076	 17365,598
 884,248	 17201,520
 884,420	 17510,024
 884,592	 17547,882
 884,764	 18231,714
 884,935	 18037,718
 885,107	 17905,040
 885,279	 18146,178
 885,451	 18035,924
 885,622	 17732,049
 885,794	 17982,165
 885,966	 17766,848
 886,138	 17786,357
 886,310	 17442,726
 886,481	 17784,510
 886,653	 17529,614
 886,825	 18410,516
 886,997	 17673,752
 887,169	 17621,129
 887,340	 17270,866
 887,512	 18226,585
 887,684	 18040,896
 887,856	 18513,062
 888,027	 18340,020
 888,199	 18381,117
 888,371	 17834,585
 888,543	 17996,031
 888,715	 18271,745
 888,886	 17994,377
 889,058	 18191,182
 889,230	 17687,717
 889,402	 17419,501
 889,573	 17445,136
 889,745	 17501,149
 889,917	 17435,714
 890,089	 17565,801
 890,261	 17833,542
 890,432	 18101,276
 890,604	 18223,236
 890,776	 18100,348
 890,948	 18401,885
 891,119	 18254,893
 891,291	 18243,394
 891,463	 18461,347
 891,635	 18363,346
 891,807	 18450,771
 891,978	 18475,891
 892,150	 18406,474
 892,322	 18029,565
 892,494	 18271,404
 892,665	 17683,957
 892,837	 17501,799
 893,009	 18681,560
 893,181	 18533,756
 893,352	 18459,582
 893,524	 18701,679
 893,696	 18908,569
 893,868	 18198,609
 894,040	 18847,508
 894,211	 19356,875
 894,383	 19647,068
 894,555	 18362,010
 894,727	 19033,055
 894,898	 17978,315
	
	
	
	
	
	
	
	
	
	
	
	
	
	
	
	
	
	
	
	
	
	
	
	
	
	
	
	
	
	
	
	
	
	
	
	
	
	
	
	
	
	
	
	
	
	
	
	
	
	
	
	
	
	
	
	
	
	
	
	
	
	
	
	
	
	
	
	
	
	
	
	
	
	
	
	
	
	
	
	
	
	
	
	
	
	
	
	
	
	
	
	
	
	
	
	
	
	
	
	
	
	
	
	
	
	
	
	
	
	
	
	
	
	
	
	
	
	
	
	
	
	
	
	
	
	
	
	
	
	
	
	
	
	
	
	
	
	
	
	
	
	
	
	
	
	
	
	
	
	
	
	
	
	
	
	
	
	
	
	
	
	
	
	
	
	
	
	
	
	
	
	
	
	
	
	
	
	
	
	
	
	
	
	
	
	
	
	
	
	
	
	
	
	
	
	
	
	
	
	
	
	
	
	
	
	
	
	
	
	
	
	
	
	
	
	
	
	
	
	
	
	
	
	
	
	
	
	
	
	
	
	
	
	
	
	
	
	
	
	
	
	
	
	
	
	
	
	
	
	
	
	
	
	
	
	
	
	
	
	
	
	
	
	
	
	
	
	
	
	
	
	
	
	
	
	
	
	
	
	
	
	
	
	
	
	
	
	
	
	
	
	
	
	
	
	
	
	
	
	
	
	
	
	
	
	
	
	
	
	
	
	
	
	
	
	
	
	
	
	
	
	
	
	
	
	
	
	
	
	
	
	
	
	
	
	
	
	
	
	
	
	
	
	
	
	
	
	
	
	
	
	
	
	
	
	
	
	
	
	
	
	
	
	
	
	
	
	
	
	
	
	
	
	
	
	
	
	
	
	
	
	
	
	
	
	
	
	
	
	
	
	
	
	
	
	
	
	
	
	
	
	
	
	
	
	
	
	
	
	
	
	
	
	
	
	
	
	
	
	
	
	
	
	
	
	
	
	
	
	
	
	
	
	
	
	
	
	
	
	
	
	
	
	
	
	
	
	
	
	
	
	
	
	
	
	
	
	
	
	
	
	
	
	
	
	
	
	
	
	
	
	
	
	
	
	
	
	
	
	
	
	
	
	
	
	
	
	
	
	
	
	
	
	
	
	
	
	
	
	
	
	
	
	
	
	
	
	
	
	
	
	
	
	
	
	
	
	
	
	
	
	
	
	
	
	
	
	
	
	
	
	
	
	
	
	
	
	
	
	
	
	
	
	
	
	
	
	
	
	
	
	
	
	
	
	
	
	
	
	
	
	
	
	
	
	
	
	
	
	
	
	
	
	
	
	
	
	
	
	
	
	
	
	
	
	
	
	
	
	
	
	
	
	
	
	
	
	
	
	
	
	
	
	
	
	
	
	
	
	
	
	
	
	
	
	
	
	
	
	
	
	
	
	
	
	
	
	
	
	
	
	
	
	
	
	
	
	
	
	
	
	
	
	
	
	
	
	
	
	
	
	
	
	
	
	
	
	
	
	
	
	
	
	
	
	
	
	
	
	
	
	
	
	
	
	
	
	
	
	
	
	
	
	
	
	
	
	
	
	
	
	
	
	
	
	
	
	
	
	
	
	
	
	
	
	
	
	
	
	
	
	
	
	
	
	
	
	
	
	
	
	
	
	
	
	
	
	
	
	
	
	
	
	
	
	
	
	
	
	
	
	
	
	
	
	
	
	
	
	
	
	
	
	
	
	
	
	
	
	
	
	
	
	
	
	
	
	
	
	
	
	
	
	
	
	
	
	
	
	
	
	
	
	
	
	
	
	
	
	
	
	
	
	
	
	
	
	
	
	
	
	
	
	
	
	
	
	
	
	
	
	
	
	
	
	
	
	
	
	
	
	
	
	
	
	
	
	
	
	
	
	
	
	
	
	
	
	
	
	
	
	
	
	
	
	
	
	
	
	
	
	
	
	
	
	
	
	
	
	
	
	
	
	
	
	
	
	
	
	
	
	
	
	
	
	
	
	
	
	
	
	
	
	
	
	
	
	
	
	
	
	
	
	
	
	
	
	
	
	
	
	
	
	
	
	
	
	
	
	
	
	
	
	
	
	
	
	
	
	
	
	
	
	
	
	
	
	
	
	
	
	
	
	
	
	
	
	
	
	
	
	
	
	
	
	
	
	
	
	
	
	
	
	
	
	
	
	
	
	
	
	
	
	
	
	
	
	
	
	
	
	
	
	
	
	
	
	
	
	
	
	
	
	
	
	
	
	
	
	
	
	
	
	
	
	
	
	
	
	
	
	
	
	
	
	
	
	
	
	
	
	
	
	
	
	
	
	 